100
28 18
18 28
1 84
84 1
26 71
71 26
76 9
9 76
91 45
45 91
78 64
64 78
35 18
18 35
72 11
11 72
53 78
78 53
33 17
17 33
21 33
33 21
42 86
86 42
21 84
84 21
42 2
2 42
6 32
32 6
1 36
36 1
56 24
24 56
45 14
14 45
33 30
30 33
91 14
14 91
50 37
37 50
6 63
63 6
45 44
44 45
31 44
44 31
95 65
65 95
45 2
2 45
92 88
88 92
50 94
94 50
75 15
15 75
63 41
41 63
28 74
74 28
3 58
58 3
44 41
41 44
7 10
10 7
72 57
57 72
78 23
23 78
87 18
18 87
66 84
84 66
27 79
79 27
41 76
76 41
53 98
98 53
6 40
40 6
87 98
98 87
43 67
67 43
74 50
50 74
38 17
17 38
66 49
49 66
86 76
76 86
33 47
47 33
18 3
3 18