0.0 4.950857293316135
0.1 5.244053198209668
0.2 4.596674286942168
0.3 3.7716580716201475
0.4 2.820357317867815
0.5 2.435183979838935
0.6 1.8427154815032336
0.7000000000000001 1.884873778791347
0.8 1.6701780852316952
0.8999999999999999 2.02009025604872
1.0 2.35297905622277
1.1 2.9519108172987774
1.2 2.811384490714026
1.3 2.1923411916713422
1.4000000000000001 1.4726624983673788
1.5 0.47188633589198287
1.6 -0.5964550145251905
1.7000000000000002 -1.6062181356763885
1.7999999999999998 -1.9439540531664607
1.9 -2.243543594602372
2.0 -1.8146936672294576
2.1 -1.0014836426299722
2.2 -0.021488901687543208
2.3000000000000003 1.2105574572261142
2.4 1.950096486221235
2.5 2.147726797749521
2.6 2.386058662477445
2.7 1.6276162791842477
2.8000000000000003 0.878177935162853
2.9 0.15487873029818516
3.0 -0.8836175389013335
3.1 -1.3503513494206691
3.2 -1.6101784642728796
3.3000000000000003 -1.4787001634252899
3.4000000000000004 -0.7233564374853672
3.5 -0.30649764371452737
3.5999999999999996 0.5813795214195606
3.7 1.3277548470564633
3.8 1.3779696829338035
3.9000000000000004 1.3551939546567966
4.0 1.0778359406497402
4.1 0.33578335517429647
4.2 -0.4360195036632405
4.3 -0.39089846501505077
4.4 -0.6676220980455427
4.5 -0.372342758930422
4.6000000000000005 0.22940214179542823
4.699999999999999 1.0983021528588681
4.8 1.644487611305807
4.9 2.1907589841288946
5.0 1.6891965236969493
5.1 1.60113332214255
5.2 0.727392490365532
5.300000000000001 -0.3784469516039776
5.4 -1.5194065736091198
5.5 -2.461367159423399
5.6000000000000005 -3.319439512465359
5.699999999999999 -3.1158031727745517
5.8 -2.9669094120167947
5.8999999999999995 -2.0396154092693064
6.0 -0.7090451960771162
6.1 0.423624309572071
6.2 1.2237011126020463
6.3 1.9012489444004106
6.4 1.9946483370814991
6.5 1.5370581306443751
6.6000000000000005 1.3367364724664577
6.7 0.37741996859478927
6.800000000000001 0.42875772071635154
6.8999999999999995 0.042922627995487315
7.0 0.38433764726699404
7.1 0.20754827250754887
7.199999999999999 0.8993379565326189
7.3 1.1593794427280935
7.4 1.806518640860301
7.5 1.5108469914597054
7.6 1.244060783837899
7.7 0.10075484407763019
7.800000000000001 -0.5106703931939942
7.9 -1.6786552710352431
8.0 -2.2764172123815034
8.100000000000001 -2.7078888363733116
8.2 -2.712611095545519
8.299999999999999 -2.2149557354912313
8.4 -1.195947900086233
8.5 -0.19503930885823384
8.6 0.9671870968820517
8.7 1.6180804934508957
8.8 2.1651961611944537
8.9 1.9666093282881838
9.0 1.6088468151934212
9.1 0.4128648108476284
9.200000000000001 -0.4694242316948962
9.3 -1.1291006093954865
9.399999999999999 -1.6264570455602219
9.5 -1.6861064555939174
9.6 -1.485834891615672
9.7 -0.8679834875973519
9.8 -0.33371755412078713
9.9 0.6473549716706635